100
332 539995 7
5303 577653 4
121 131 1
2035 587687 6
2965 769993 4
7668 468727 8
9974 603759 9
5272 393026 2
1396 974496 5
2519 171840 3
1516 476245 5
9352 507517 9
100000 1000000000000000000 3
7243 39232 6
121 121 11
10 22322 2
646 753992 3
8621 305784 1
4131 988357 1
8892 186601 5
2590 45700 5
3825 934105 6
8439 865622 9
9390 517315 4
3976 759716 7
3376 156586 6
9325 343906 8
39 1000000 3
7075 952308 3
258 978067 6
22322 22322 1
3901 458931 4
3748 207521 4
9597 30751 2
1000000000 1000000000000000000 1
1616 875376 6
8989 909410 5
2433 588437 7
490 499674 1
0 1000000000000000000 1
34432 9999920 222
21345 4441283 13
2228 961000 6
5630 555906 6
1405 52064 3
8984 321196 7
5759 165757 6
4766 385349 3
1363 123520 8
852 514597 2
4401 792858 5
4370 274443 1
2791 674701 5
2871 611476 1
0 1000000000000000000 1000000000
2851 217912 4
7558 716225 8
9286 976503 2
6366 921028 2
4609 64949 8
0 100 2
8135 346033 4
6574 530230 2
999 99999 78788
0 132 1
9523 81976 5
7597 115191 5
8229 384684 2
6311 744038 5
1813 539974 3
8429 327368 2
121 132 1
8145 485026 9
1209 371972 7
3491 376189 1
9628 221919 9
3263 62970 1
5579 763362 2
7977 626769 9
378 659223 5
886 56750 8
8129 512819 4
5541 34105 7
9324 755359 1
5992 237133 9
1551 635917 7
6916 519450 6
6153 882984 8
1002 914907 8
6673 645665 9
4945 279540 7
2789 205886 5
4017 755925 4
1329 665400 3
8483 164651 3
8764 690922 4
1033 109791 2
3725 832955 1
5649 246089 1
9929 160753 4
