100
6
10000000
6735763
9987391
9999971
3877633
1264969
1862603
2196613
2872729
9999972
3410821
3949061
6513281
1144
5103067
8697851
5
3855409
7
4170220
3702389
7742461
8460583
1281246
9325574
6697461
390548
9010879
1507483
5462959
1221469
4461642
4751053
9999163
7203246
9999997
6463741
8603593
9999999
3132736
5331653
9971849
8
9299449
4
9
6987083
4936439
140839
1
9999991
6716541
5001361
2360890
2896297
3
9999931
1481717
6704676
1403870
7762723
11
4046177
6537523
9999161
9999929
9999930
4461643
3191803
9999162
559513
86293
928009
2
1750607
9999973
592432
4461641
3910981
8237213
9999998
2044523
5388168
3323191
8248729
9309119
9999996
3929879
10
8873129
615403
3023326
4125389
8291470
8184167
9999995
13
4572049
12
